7690610352022654248
7690248496779234611
7689824375301819686
7689415871256612136
7688689935787838755
7688301960352533802
7688287589022960896
7688227034614615338
7687888139100196134
7687488052507200783
7687326007581347098
7686941275580435775
7686106273514884358
7686012927094033704
7685654797915065652
7685341951754865954
7685260014054804787
7684694661977459995
7684508611128741161
7684172190002007323
7683840977106144554
7683429632330321194
7683141747320442121
7682726163608784164
7681980155866254630
7681589304400907554
7681194672068349199
7680452591808957696
7679821592569957638
7679384884258868543
7679047110645304582
7678627117407505683
7678257366520859914
7677896947465751844
7676725781443169574
7676393679426211118
7675749937090448686
7675749244250213666
7675748657202728233
7675404892114128154
7674929709397904694
7674195993331633434
7673814923301883187
7673043891364334857
7672250032124464436
7670419854553353506
7669731827728305417
7669078563445837075
7668249600964316425
7667845906732944650
7667454934245264666
7666333451284450611
7665661196686675226
7665297626354470159
7664911292947352842
7663751061261307170
7662931135177035017
7662529484599446824
7661948861375581491
7660919602850827556
7660804798840638758
7660468362958490916
7660329838388972863
7660103623036210441
7659698306028735782
7659381597648604467
7658994414022413587
7658863263878319411
7658510467811364130
7658443291427458342
7657946714531253539
7657570834323639588
7657216149343571242
7657037497632935206
7656779213885738267
7656480391058001152
7656291648766364971
7655948773578919183
7655661708245077275
7655279043901656360
7655118630987828522
7654571035223739675
7654570152259849487
7654175351865658678
7653855848799751464
7653690013749759278
7653491964574321939
7653287676380056878
7653091118833356084
7653090225496870185
7652933581903383860
7652386216586857779
7651959221323369738
7651638529830702378
7651259192602381594
7651118048367168783
7650714474105621775
7650627863837805867
7650247631796587785
7649671094164540726
7649452062865902867
7648960989634874651
7648829244180581673
7648478710550498623
7647369739773250870
7647075340669553974
7646792958326492459
7646559565961612598
7646554362281528630
7645578548433997099
7645268613942791439
7644890521520901428
7644524559852375311
7644391236651994402
7643875203340176676
7643720847022148898
7643311284691193124
7642927525039033606
7642279430412406052
7642537833051213110
7642203213629885738
7641910071466757382
7641828817748757803
7641473933329304886
7641343284756925739
7641156863165222207
7640674914789313807
7640399883752459561
7640349574032395560
7639311377227681087
7638839989291207955
7638631409648766235
7638515264967118121
7637838869341146387
7637818754008747300
7637406449433464070
7636723111433440518
7635130279799098659
7633386522988891418
7631125964336024882
7629553467698285876
7629309872303099172
7628911109273095439
7628534026269199656
7627411493943774498
7627046103950691599
7626963825241181475
7626687162875972899
7625962700094426383
7625529659249233186
7625259973454335284
7624463936108170538
7624520680985480467
7624375288012606729
7624059576769334547
7623565368891559208
7623339327375805750
7623357361209625875
7623247012833611050
7622961269678607625
7622886444457086249
7622229909376732456
7621844840677969179
7621799839088545062
7621710830324714803
7621460673108741426
7621401271139831067
7621068598727036206
7620733726430891291
7620707634819108147
7620375473708682523
7619926853607787803
7619599863755328777
7619181194126609702
7619236548038511882
7618891763117313289
7618521008370240818
7618132117108673818
7618071471650278665
7617761832756956442
7617494544040463666
7615915508562447643
7615525799084494090
7611814462630219048
7615175990330789166
7614775948541447487
7614051055013219584
7613977953344490804
7613761787938229538
7612850869440122127
7611466602294381875
7611421786164481295
7610729899757669642
7611060693915274523
7610643906090405130
7610308641844923667
7609913981829991718
7609546319870299430
7609175405882281242
7608830819553119515
7608386588938112256
7607834443876764979
7607340901521689907
7607012501905018122
7605900473723309358
7606561729631227187
7606155783063014682
7606164520154762522
7605168222630858036
7604795911927106843
7604707710793223474
7604448342009023794
7602147042706706609
7603215107568471337
7600681194069544232
7600680139315285282
7600628716774886691
7599238659983953187
7599223100135296256
7598826706836753691
7598391212105633059
7595094992515779866
7597011029045988660
7596937118266543400
7596725524513164607
7594721165331942702
7594774893200182574
7594323678595140902
7593780395200630052
7592426720117001510
7593419222718369066
7592998499638070569
7592534029384777841
7592435863179545866
7592089143983787290
7590814022912511295
7590325495934340388
7589897514128641326
7589875179245899059
7589235847925353754
7588900556115135787
7588408380713176354
7588088603801046324
7588014784650464564
7587741271448390947
7587725732261006627
7586955088544009472
7586921402209537320
7586630492317846836
7586576438455717155
7586559408654617891
7586523527667387700
7585862285516623130
7585826003088411942
7585776958445849902
7585427416525344009
7585452391613467942
7585421317701160243
7585181683712822578
7584758600279674139
7584774273919700275
7584665568372968731
7584411102272818482
7584449496491314441
7584315960354442546
7584277199113440570
7579924554907143462
7582809090292731162
7582532108250336538
7582506600414383398
7582453759024925979
7582406869256293683
7582172265685568806
7582063216008727835
7581709761008143625
7581780233875885363
7581723461723163942
7581478502642224430
7581410841027808521
7581032179946327322
7581062509986106651
7580782811217530121
7580658577900195099
7580463789628214537
7580414328936172209
7580328012462214451
7580222621275540782
7579538210049494323
7579174821813210419
7579097803738074406
7578117814741978408
7578069464571202831
7577690616763616546
7578100773272243490
7576231956774522112
7577316090070551848
7576990689121029428
7575487076540435762
7576661377947946275
7575057646244449574
7574679562647342386
7575453387072736558
7574771210509094171
7574712115819285770
7575099065130650931
7574321587378212106
7574641751831481638
7574324660494486830
7574033504187551027
7573232332061084934
7573171897106533675
7572908217353669929
7572257238560066866
7572155149502680326
7571650276608740650
7571343457877347620
7569123646703144207
7569908194110213422
7568822303119772963
7567676574816832787
7566521650842242323
7565951101539814707
7564680444839480639
7565749814042938650
7565189824773180678
7565094731022093609
7564735344940207423
7563704844372937993
7562075218450140458
7561652507672464659
7560168298772532489
7559501201088236846
7557551995747388730
7557040856704781603
7556911566815399225
7556439697203973435
7555681322460925241
7551631030151646479
7550146596726443316
7549775184794881338
7547953963258154303
7547656357416062247
7546798505185185081
7545751555962572067
7545333658677284136
7542821857347620148
7542043772608171304
7540211571847351615
7538035032532176188
7537646082193460521
7537246607901838631
7536433393426320697
7536080207090879783
7535711826441522451
7534616835396816171
7534162137154784571
7533835951602568508
7532485709970640168
7532118594017086720
7531243115970776378
7530868909986155816
7528308882700094766
