7515111929540824378
7511187600880667963
7510139106229751098
7690786149572619109
7690454525152660665
7690068276462753777
7689684589821038309
7689342562985772731
7688986498829491322
7688402593157484667
7687721126986979749
7683051782889533433
7682641973816445625
7682260836705959163
7681905800063919601
7681605401942911077
7664110348082302309
7663548983969066618
7662429526408610811
7661815400217604026
7660969948722852837
7660605510831428857
7660346134073852837
7660111817330409189
7659614887795409915
7659221178871213435
7659006827733276794
7658774320198711973
7658395133319560433
7658232616642407781
7658021403263072953
7657883042535403185
7657645192682084849
7657493304157747193
7657266178004380795
7656921698844257977
7656540454201066469
7656335159079497637
7656048238914910329
7655944549357593849
7655560721632521914
7655033422524937723
7654659181887372409
7654455985448578425
7654072500082555057
7653547536540735609
7653319740509007537
7652823956483615675
7652597861096370021
7652249282154806705
7651882473806825585
7651493687898338489
7651125654641770725
7650756837022047673
7650396979389870193
7650051827056504826
7649417361041198193
7648637722203149819
7647829601158652133
7639038600986242427
7637537546759854075
7626362893937173681
7606965333769419449
7600728469370656625
7598761291562701177
7547363953307913530
7543538910845570364
7543171900454817081
7524650412005117241
7520334699568581945
6879704506863570190
6878608006557338887
6878211297943604488
6876733387747446029
6876429955220262151
6875300349289319693
6875251825004530952
6869842141670149384
6868970924469685511
6867894022086724872
6866051804262616334
6862265149743566093
6861441023483055367
6861168533309607175
6861162142146579719
6860789601989053710
6860788069088398606
6860481603362131208
6860471585288031495
6860448471267216648
6860321402537512205
6860055893401193741
6859309797003496717
6858976860970175757
6858566152327531776
6858151409313926408
6857815093304888589
6857083506695097608
6856343171387952399
6855965085433613583
6855615123961269504
6855589714603363599
6855222827163962639
6854847258555370767
6854468670073228544
6853738213685726464
6853366769952853263
6852628317439364352
6852245962094693647
6851872381384871183
6851136032348409103
6850760315999751439
6850027336771947791
6849648942670482703
6849270875288653056
6848535221395016975
6848160974659226880
6847788486892866831
6846593698436844815
6845934410580167936
6845594030634585359
6845487863497362703
6844814098329373967
6844457718888107264
6844078603060169999
6843708770162380032
6842098279275187456
6841855842019446031
6841483708113915136
6839989664477154560
6839637017702255887
6838893860760997135
6837786965191019776
6837405773551684864
6837025871673445632
6836652432391556352
6835542756169960704
6835172522154036495
6834828802925923584
6834449285384342784
6833699908701261056
6832943323586628879
6832579916781882639
6831837683082398991
6831483033976098048
6829605966846233860
6829257687855811844
6828737389675023628
6827770743221243148
6827632454975769868
6826641929585839363
6826282867308449036
6825917886545136896
6825160726412414208
6824800339896683779
6824047167473323268
6823678399656103171
6822509647077887235
6821769584668855563
6821437590118337804
6820598746611584259
6819905764010806531
6817307082153397515
6816561048477289739
6815858243122793740
6814339799344745732
6813591372273110283
6811318206469328142
6804750335681301768
6802855650851425544
6801404077067488519
6799953990617468174
6798074957122260237
6797658954538306823
6797312720682208519
6796207027707202823
6795079531863592199
6794370958254755080
6793987194022382856
6792890608164900104
6792504701880519949
6792141176645373199
6791742432963874063
6790622064479866127
6790263291177438464
6789890293517847808
6789182072549297423
6788434366247865600
6786583263185079552
6785463093045628175
6784708455925042447
6784336125076065536
6783958264120937728
6782857018949504271
6782483223160179983
6782116512254790912
6781743201771392271
6780627790476692751
6780260417030688000
6779885792744492303
6779516001932315904
6779145534553836800
6778400826978323712
6778031154307042560
6777660666225429760
6777290106370821391
6776547785417264384
6775808304548449551
6775435138873527567
6775062372651388175
6774693228466736384
6774317323454090496
6773949582234684680
6773218152810597640
6772832602727501064
6771726337720847624
6771349941647412494
6769388590691601672
6768751907839233288
6767641547375643907
6767276543409491203
6766900772488662283
6765416384253021443
6765045579962699011
6764669728028937475
6763933045151059203
6762813674643148035
6762072934522850563
6761706271335877892
6761327339780492556
6760206243027078403
6759843288775281931
6759470528555273484
6759103193579359499
6758717782415658244
6758355477261815052
6757620397820120332
6757251225290345732
6756513518465469708
6755764377988713739
6754271721894792459
6753913502911466764
6753172160434490638
6752851005152578823
6752057307816938756
6751679681398934788
6750944913644457229
6750571693292440836
6750244213675330827
6749824597731839236
6749088702468787468
6748721193458650379
6747979014486494471
6747228321215466755
6745752615969164557
6745033999439219979
6744274553113038092
6743160138472951043
6742764814092815620
6741288939144875267
6740503743697112333
6739422544681553164
6739018815977360647
6738688509659335944
6737942942838770947
6737551026011802894
6736783277195070733
6736431354868796684
6736088782057000205
6735354978619182347
6735348951941205252
6734216818082221320
6733823755514039555
6733483850074197255
6731628768567315723
6731260273904110856
6730885804677287182
6730184947270782221
6729774679847980296
6729464504993795335
6729009542677515524
6727524141563481357
6726868211184323848
6726385075912510728
6724941658032540941
6724572870476844296
6723827429942545671
6723100294189780238
6722322780970339598
6721843763951455501
6720730521829215491
6720205827145338123
6720062164423527683
6719640958591438088
6719362292095438088
6718969205942701319
6718185130579496195
6717467545391189260
6714492800232131847
6714106423803940109
6713343185554394380
6712065054067477763
6711760005621665035
6711441854551919876
6710907051666722056
6710735957768867084
6709434723053194510
6707595783924911367
6706108602387631368
6705690269104360717
6704138381472959751
6702808722235755780
6702419749755702542
6701938878728637703
6701526773475134731
6700559939636645123
6700231575776382222
6699934776985439500
6693141881506778379
6692843244562304259
6692576448898682126
6691659378157767940
6691252185717558541
6690503316499090702
6690013688004398347
6689570514031152398
6689253465669078279
6688952805983603975
6688246346178202892
6688206231745596679
6687419343199800587
6686820383129177351
6686472283558595852
6686296653055462663
6686008070457396494
6685574002796203272
6685232860267384068
6684726606365297928
6684194467597061383
6683799560344702215
6683447858403822851
6683086580468518148
6682686240648645900
6682379862713453835
6682163365072112908
6681754155830250760
6681238850725039367
6680824339916442893
6680490528255282444
6679734781392997635
6679375612374797572
6679305685978598669
6678900847230897415
6678274658397097228
6677502449504324875
6676222924816502019
