7392752125744368946
7073635647226924321
7078812994255293735
7690618869228987002
7690189297887020913
7689821501410983675
7689469231431718139
7689077389947422129
7688682368660604593
7688328397034588913
7687944519123954939
7687558833136746993
7687245926628799994
7687243288752433403
7686864791722347889
7686846405122090425
7687004535310865329
7686457396868373105
7686131400559102833
7685703385693878705
7685328303432012537
7684987600822669233
7684627875009858417
7684682799776952753
7684236991285933477
7683871551641745147
7683550089168126629
7683158274384264945
7682769161117892089
7682398915757684389
7682047836237979513
7681668008687419257
7681304856930693489
7680903623853292667
7680559865056201637
7680295185233896689
7679842311065149425
7679451416670584433
7679060317033267441
7678677670968867441
7678329666474321787
7677950107389008825
7677589665881115313
7677196081067327601
7676868318107901041
7676435315107622585
7676106969745439929
7675721260433902705
7675349109507868913
7674985876502460261
7674625136008147057
7674257382188274289
7673883277488666097
7673469610465947579
7673123912402966193
7672742008095808369
7672368266509674353
7671997364538169594
7671628412239578545
7671209681206110201
7670898410144415217
7670923792793927793
7670485392319711163
7669810426977279653
7669366486967918449
7669033784381493605
7668663695144167803
7668120538157594490
7667732665899273915
7667038284274484731
7666407450622951547
7666004638236517873
7665341417598783355
7665340279415411685
7664955336981702833
7664575222230478961
7664482228047939835
7664378075291738545
7663841615975818417
7663490176768831089
7663121270582793905
7662984621265801137
7662887296073367217
7662570279324052977
7662372258082602917
7661977918449168625
7661630213500041905
7661539486001763577
7661431084999554298
7661120853669982565
7660879056296200817
7660798032590928049
7660513562234573029
7660135247832507877
7660012676710632698
7659931207307775409
7659679699391550309
7659410186146751985
7659338333643286897
7659018759932328945
7658651281913507193
7658650156795125177
7658551885170774395
7658477502940376689
7658295912259866041
7658120470122321329
7657935769206206129
7657763193246623611
7657525496255722481
7657456196949912945
7657318333696018865
7657092765902664945
7657044818040958459
7656978044959754353
7656707356822293691
7656462136827118181
7656359069984984506
7656293392012663217
7656252874267709625
7655688960522438897
7655873515623841019
7655566259623683441
7655310254674299121
7654919551789205861
7654851415132038138
7654732115523941233
7654462807303996785
7654239934886777850
7654022235749894011
7653989184647133850
7653733956646537381
7653617609191643121
7653059992849527802
7652950266328651249
7652770813620486629
7652505970920315578
7652252914756580977
7652231156460565425
7652194239120600177
7651953977227298161
7651859731895855281
7651762615627015025
7651519329813907953
7651476386125105009
7651217009141143985
7651147686451978417
7650848014772288457
7650849901014754250
7650648133861710769
7650404909796271035
7650103539796380666
7649918450480473465
7649788048428109169
7649629553656669617
7649331218840469873
7649330065742574565
7648988121984419706
7648834562080667121
7648615286250501733
7648243610647277754
7647872005861454001
7647758319683691633
7647442480375387129
7647065654504420965
7647064193880217265
7646727403998713521
7646332534653611249
7645955963128969465
7645665331398993274
7645123626257907130
7644905335773440251
7644536806792671226
7644127419687736741
7643772547347006961
7643406648287124657
7643030619908778233
7642690475413988473
7642378849620533179
7642235475067292090
7641933772020326501
7641432441253506745
7641430460556178545
7641184130483159013
7640759271890777329
7640136995151437497
7639663037258927845
7639175895265454009
7638897352208704689
7638598643218735281
7638100864917915633
7637522856138358513
7636797767319572977
7635829572441106341
7635574943221420017
7635574178816516209
7635573493962476474
7635572583471889585
7635233235282802939
7634868324279586682
7634392914189646331
7634128215665051505
7633770843671113573
7633406219281487537
7633017339903402170
7632631454622557937
7632439587248840369
7631910780211827641
7631411624838313073
7631168024473130737
7630781998335887099
7630401379978484913
7629692264436903153
7629670685119953381
7629188592036467121
7629097900421372283
7628578166953772795
7628214485866951161
7627804801258074737
7627423799981907577
7627094545092484281
7626705565969057977
7626348771081320122
7626002032801057393
7625812617441737594
7625260079781269681
7624861423965428410
7624475391928283643
7624143125581564665
7623719687663613861
7623341945427766193
7622933635205549169
7622585700868981745
7622263056395223281
7621905730601275313
7621516070788871033
7621096884799169137
7620772014718473393
7620405812066423537
7620029764934148209
7619658304008242171
7619301599337674353
7618953497471657851
7618538177309840251
7618190492844434810
7617803330803318949
7617428955700252401
7617072521914267833
7616640706060503281
7616340803120883898
7616202847852302267
7615945679005986289
7615571288375903665
7615205116237292489
7614869450365829553
7614478604290830193
7614095265432429817
7613955736104072314
7613720448551983291
7613383842825350117
7612993898177573873
7612629863698824059
7612255262376985521
7611121406764740473
7610767000877359601
7610376208005943525
7609679457578883429
7606306827743451505
7605959179073459835
7605559644933246449
7605221173014574001
7604804515330492337
7604469405746156017
7604086634137853169
7603682247871469041
7603342259195760753
7602996939408293370
7602544198722986353
7602197743163844209
7601833880501776369
7601556219510366129
7600962741654510257
7600612920007702201
7600047214605665893
7600044617737085105
7599479787871111545
7599262506679544742
7598721620689930725
7598533635264237659
7598143993360839091
7597407354052981241
7597499596251945637
7597314000695114097
7597029241386103483
7597027982415262331
7596627587851754597
7596272873863153777
7596341744799677617
7596109343432025713
7595904664378789114
7595570130564161274
7595223218256971706
7595220416601548273
7594824107104327162
7594433342973349753
7594081048452736505
7594101310614799589
7593669408623860923
7593312648248076986
7592946368285614001
7592576789260820209
7592568709106253754
7592201916144322033
7591805803339864433
7591839415002684411
7591493091279300465
7591073985443098491
7590703724278267825
7590352852113085361
7589972056830135601
7589971229184904497
7589572306813962481
7589210189628671729
7588756026489558449
7588497713358419897
7588167838704464241
7587353787279674682
7586952636214906121
7586444536201891130
7586255054006013233
7585715264001805627
7585200647881968945
7584976066927758641
7584640385524469041
7584247515437649210
7583662082466942257
7583660584535051569
7583293833635761457
7582918537364622641
7582555366422318385
7582376191538367781
7582042065602104634
7581785773768002873
7581476885764279610
7581310901337332389
7581160697422994097
7580691939802204849
7580569722153652730
7580332974417661361
7580239837665088497
7579977656956921595
7579595417303235313
7579216858839047162
7578838972475485169
7578349567864321658
7578085223587720113
7577752548242159985
7577361476596642417
7576285949317101498
7575933532347375097
7575525716038248827
7575130363581014203
7574750226415264633
7574810223030856121
7574427062116074341
7574213958418532857
7573858189331029178
7573266468117491195
7572896085456544753
7572392827712862321
7571394814438021297
7570944797335595001
7570701988321766841
7568821066132436858
7568126624236850469
7567332404295437617
7566970304284658993
7566592926869556517
7565110280381287729
7564726474751888699
7563234044848115001
7562972475794935098
7562892893086993721
7562489055625268538
7561438860124179772
7561021487721909563
7560681947971194170
7560302772890799420
7559949518101286204
7559917902615678267
7559550552246570278
7559169218483490107
7558798861281643836
7558441413307272486
7558092225152306489
7557686072853728571
7557303499974921531
7556933733661740348
7556614157546818876
7556260198421040442
7555877152869682490
7555452609952795961
7555090638536150331
7554747718011751738
7554344681334132026
7553978106529451324
7553579171630845241
7553271518889921851
7552858499605859641
7552494605247139132
7552124793169497404
7551719920959622459
7551399514327469371
7551016284637629754
7550614074977291577
7550563521491914042
7549952838601624891
7549135946877439291
7549135075863153977
7548738320092859708
7548090903820389690
7548088818524605755
7547859694632439098
7547493087662230844
7547318233633639740
7546930931246206268
7546155703548267836
7546153190488722745
7545493745157295420
7545497915465518394
7545083355886636347
7544933726854516027
7544706887989955898
7544310225684417852
7543985503532830010
7543636024632184121
7543225213548924219
7543096615886081337
7542843839489690940
7542523413349551420
7542132945613491515
7541774448577744188
7541292081685335355
7541012158398909755
7540892323204730171
7540627061523189051
7540182484597656891
7539886993854369083
7539486613001719097
7539127410924834106
7538688818603789628
7538428037483711804
7538029369932156219
7537632834640956730
7537277843139480892
7536935014119607609
7536505110534065467
7536226602574351676
7535792162971045180
7535454580466339099
7535113957146856763
7534721922983202107
7533932132633988412
7533931303637388601
7533569319474564411
7533201023776197946
7532860236723719484
7532505858362674489
7532095855262158140
7531763594972826937
7531366190669974844
7530966233329585465
7530649657191763259
7530235660645895484
7529909061489773883
7529542673611967804
7529183636106054970
7528809934080347450
7528352744714669370
7528005334751120700
7527678002860920123
7527237378827554106
7526869257012874553
7526554246499929401
7526153478751079740
7526214740802047291
7525765484048207164
7525764641851510074
7525447784054181178
7525030588408515899
7524638667961683258
7524308571552779578
7524307109933993274
7523963924141509945
7523550224863989052
7523167231606852922
7522816632193862972
7522841636373990715
7522331554480246075
7522086986300607803
7521738342313889081
7521354102229110075
7520954365383134522
7520624403253579065
7520473845934017850
7519906067767020860
7519460937134378297
7519124510131539257
7518766619410910521
7518407430431427899
7518021352146799932
7517633168703606075
7517248282394725690
7516895326998039867
7516526220852104506
7516139289283448123
7515751803331120441
7515418722190806331
7515281498292833594
7515004761251892540
7514671833841470778
7514526326931655993
7514491242429189433
7514311851208035644
7513902242261683513
7513561612326997258
7513086880709594405
7513085337791433994
7512760024301669658
7512254790992219430
7512051584625724723
7512052556710513946
7511736861137374502
7511320538598984997
7510979404479073562
7510825919919213875
7510585534286695730
7510234618092948787
7509784156416134438
7509481468961164595
7509086218765045002
7508669212638874906
7508406313614249226
7508019307252108554
7507584849361472805
7506515715558903067
7506522763130703113
7506513153515048218
7506296267258645811
7505750442174663946
7505749476003777842
7505634694545935654
7505431533651594534
7505065433462050057
7504663165147073830
7504260450722598154
7503891692782013734
7503510428829650203
7503183107635563788
7502770750248684812
7502425969127804214
7502035473322757430
7500931936035917110
7500603958010252585
7500190880461425939
7499787594466397481
7499480636311866643
7499064444631682316
7498705802766945548
7497976815480556863
7497244152557079827
7496810523641089316
7496506527878040843
7496125470321413387
7495775697883221289
7495415438071909673
7495000901564861759
7494696047227227404
7494311464652541203
7494137381444947241
7493870962539007244
7493496866756185355
7493150006745025831
7492821826570063167
7492655526132665654
7492413384625868073
7492058976398413095
7491653012843138367
7491329669799628095
7490969117567044883
7490522206250798372
7490212142503759140
7489852056375758134
7489451972253273407
7489050507466542355
7488728407065283881
7488282527824661771
7487970060498128167
7487579912442760460
7487232780745690380
7486801388526144807
7486442255574732071
7486102452232654092
7485714333389917481
7485339928730012967
7485023132093402431
7484636082781408575
7484228763279052068
7483913914816793868
7483780533038615847
7483472070236589366
7482748203759078692
7482366190355025163
7482010504395853092
7481621035993845004
7481303901166259519
7480508950685732115
7480079423891442956
7479789158978866471
7479447015118654783
7479041230773521700
7478297376805997863
7477917018323242251
7477565935809793316
7477202845381430591
7476751521242156327
7476400860101135655
7476080707001912639
7475518301309799691
7475357226916531467
7475006124974951716
7474662488059956521
7474245015758179625
7473829468973305129
7473744725988609292
7473485983669816630
7473122717298953491
7472395688148569355
7471978487071427876
7471948551812156683
7471642704074640681
7471266780489534759
7470903827198135591
7470536009206336787
7470158871835708726
7469777778800495935
7469449803680713996
7469016336560033063
7468661056701877558
7467951132904639785
7467545121370688780
7467077049329437993
7466060195873983807
7464997465259838731
7464577527986638099
7464263330602028342
7463857838864059684
7463120969721220406
7462776940869520703
7462344829838675241
7461959910192975116
7461208123919912255
7461206291613027647
7460859025786260772
7460510319870233867
7459743358219570495
7459740817205284132
7459392639079714059
7458673650951048460
7458672900497837353
7458261209763171596
7457573289955822884
7457176582696815926
7456820843990027532
7456469071932951871
7456371649047170323
7456094182541774134
7455665386164440331
7455282318639484223
7454989628911668491
7454603002545016100
7454381715436391699
7453820959347330340
7453497024021925156
7453091688500808972
7452683673352080694
7452303188876692747
7451970261701758244
7451256774683872548
7450835574442822923
7450519539181210921
7450068908410752319
7449714178807319849
7449347371667950889
7449015825278750015
7448872178835131702
7448685696891587876
7448316423111314724
7447926524499512617
7447480428744805673
7447150483682168105
7446750982383488310
7446459570630708534
7446205373037481257
7445839873187138879
7444960153733958951
7444179068582432054
7443766620541046028
7443493040397880639
7443107496857701671
7442526589377711399
7441586208204950796
7441220882560798006
7440885199895940388
7440494854423055655
7440081388432280895
7439647191049719059
7439358806146043147
7439140472628514102
7438662396161330444
7438488049006284044
7438269335791062291
7437926321533078820
7437532916298665255
7437172923825212735
7436678666429549863
7436429240674946345
7436211878881234239
7435265506916977959
7420484165428055335
7416225624706043136
7415274150270373155
7413282173203074367
7412519854671990052
7411387439400422695
7411142685626584383
7410670615377612051
7410193680109276470
7409830675324390695
7407584742293376282
7406467641847631155
7406111508834356517
7405445656459988262
7405095611332054323
7404337275779190026
7403586490590186803
7403296047398800659
7403230865137995035
7402758317845646601
7402561178007915802
7402106918761712906
7401640972104338715
7401362160992980274
7401270717850979611
7401000940033051913
7400901930769337650
7400626461901688073
7400262107666582793
7399543111636045066
7397945605038918921
7395745759427104026
7394249692642659622
7392381361660710171
7392192329408400678
7392007769227840794
7391609588207881523
7390894024795622694
7390522834847649050
7390139174969478426
7389026825323793674
7387170940909653285
7385433925784489225
7380681362044407078
7380128227559361801
7379764198437440778
7379520963802713381
7379400718031031589
7379014466966408485
7378644932707306761
7378294380186127653
7377913366548892979
7377564678525832474
7377399455894474021
7377159174255365414
7376819929376460058
7376448129199066394
7376093098771762442
7375775428834872613
7375651326425845001
7375291534511459634
7375105150819519753
7374948034796358962
7374569461782760754
7374203874183269642
7373489470215146803
7373091656964394267
7372726325188021513
7372344651820322099
7371321503867997449
7357977246700735771
7355379527771639050
7351191024917695781
7350809183580654858
7350678549822590235
7350199848571784458
7348321252186082597
7346576743584550194
7344595876964355338
7341285934509444379
7336395722679438629
7334504312229334282
7333472119000403215
7333392103222873371
7332001567559699722
7329042467263679754
7326851677510733106
7325705902600850726
7325333042573118770
7324574431932714249
7323841080514858249
7323639195065535754
7323090847606607142
7322741968025570570
7322375069202746650
7320519525630348582
7317865744274820402
7317537831939738906
7316318104357817651
7315952576082627850
7314933507451538739
7314232525621087538
7313909363788352778
7312407838393978149
7311500046522961190
7311251947028253979
7310154128167013659
7310063231454678299
7308264293798104370
7306774894681836851
7306689734770707762
7306309574858951974
7304456880234057010
7304085792358485258
7303907300455107867
7303453286546378022
7303096537612160266
7302074243037089062
7301612369153674547
7301482126032080154
7301193896426573066
7300748469986233627
7296655756743429385
7291459146975661368
7291095745367788837
7290341334316027193
7288241074986962231
7287008804263316792
7286266797974768953
7284783255432351032
7283793841637887290
7283065937949920573
7282920988679867685
7282183566534987068
7281429310647389500
7281049732103834938
7280703644704492837
7280418154273197368
7279940350909697336
7278952234421964092
7278851315214585146
7278446844097629495
7278096355195702589
7277830154817113404
7264102660469493049
7236268002981842236
7198052877363924236
7076226434670267660
6997719277910379809
6977530998141553931
